29.6527 29.5048 29.053 29.1385 29.5321 29.0321 29.0242 29.7485 29.8063 29.6981 29.2885 29.0188 29.6468 29.0219 29.711 29.7579 29.2276 29.4867 29.5508 29.1446 29.6573 29.0606 29.3011 29.774
29.3651 29.3377 29.2139 29.6121 29.2486 29.0595 29.9206 29.3129 29.3834 29.0468 29.3605 29.4174 29.43 29.948 29.0359 29.1333 29.2377 29.8525 29.4301 29.8713 29.5966 29.8509 29.1983 29.5602
29.4607 29.2524 29.1754 29.7902 29.0595 29.3992 29.1379 29.864 29.6557 29.1247 29.3755 29.4064 29.3618 29.7684 29.5317 29.2219 29.4383 29.9177 29.5712 29.675 29.52 29.464 29.5353 29.3529
29.62 29.5262 29.7753 29.3463 29.9055 29.9128 29.2083 29.3273 29.5537 29.6932 29.8417 29.9768 29.2561 29.1387 29.4433 29.15 29.8807 29.1601 29.3418 29.4978 29.9407 29.4408 29.2623 29.6748
29.7519 29.9229 29.4397 29.2347 29.0108 29.6405 29.7846 29.3242 29.5396 29.9157 29.6407 29.7939 29.8059 29.4984 29.4173 29.0549 29.8881 29.9209 29.2056 29.6697 29.9491 29.822 29.1893 29.8583
29.0177 29.2956 29.9031 29.5805 29.0645 29.4453 29.8373 29.4183 29.9953 29.0099 29.7037 29.4194 29.5562 29.6366 29.779 29.7493 29.348 29.2027 29.4766 29.8879 29.7307 29.1833 29.4254 29.5802
29.9639 29.7439 29.1473 29.1358 29.3583 29.9363 29.7132 29.1872 29.9532 29.6474 29.1235 29.9805 29.0912 29.5441 29.0908 29.5889 29.5755 29.1634 29.9334 29.0345 29.5911 29.3817 29.6833 29.5556
29.4227 29.1471 29.0309 29.4727 29.1719 29.404 29.6399 29.0117 29.8599 29.0582 29.6375 29.3069 29.9088 29.21 29.9865 29.1643 29.4164 29.8387 29.6966 29.8982 29.3121 29.0929 29.5258 29.8081
29.5747 29.1797 29.4691 29.5072 29.5604 29.7098 29.4134 29.7638 29.6635 29.3287 29.0441 29.4542 29.5679 29.5833 29.1067 29.5625 29.0305 29.4773 29.7865 29.6059 29.9868 29.4926 29.7642 29.8629
29.4808 29.5239 29.7418 29.5434 29.8712 29.4166 29.3833 29.5411 29.3405 29.8494 29.7527 29.3994 29.9425 29.0356 29.6924 29.3273 29.9864 29.4567 29.4154 29.3032 29.1249 29.0735 29.236 29.4894
29.2354 29.1325 29.7354 29.3395 29.6838 29.5183 29.3635 29.5162 29.3299 29.103 29.3353 29.7032 29.1584 29.9992 29.1705 29.1795 29.263 29.3734 29.3176 29.2998 29.975 29.4729 29.474 29.2338
29.0364 29.8037 29.767 29.5488 29.6103 29.9851 29.4587 29.5465 29.1387 29.7788 29.2479 29.6793 29.9132 29.1331 29.0945 29.3413 29.1156 29.0427 29.9326 29.7163 29.7843 29.539 29.8675 29.462
29.9453 29.5858 29.8128 29.3672 29.7941 29.5292 29.3421 29.6558 29.7707 29.0845 29.2 29.5266 29.8895 29.0428 29.8076 29.4911 29.8438 29.2168 29.8314 29.4734 29.5498 29.4716 29.0308 29.842
29.6867 29.7731 29.3832 29.7429 29.149 29.5786 29.5594 29.3478 29.8765 29.7981 29.2516 29.6271 29.0352 29.3231 29.8468 29.5143 29.4161 29.5721 29.8417 29.1528 29.8387 29.1494 29.9706 29.5935
29.023 29.1643 29.2358 29.6342 29.1254 29.4787 29.6836 29.8745 29.9404 29.3399 29.9924 29.5511 29.9055 29.5613 29.6966 29.2941 29.0964 29.0195 29.7316 29.0263 29.9538 29.1745 29.2394 29.9343
29.1011 29.0922 29.0661 29.4561 29.6422 29.9771 29.4576 29.4571 29.0532 29.4997 29.7664 29.7074 29.4708 29.2682 29.6865 29.3181 29.636 29.6015 29.245 29.5355 29.5628 29.3894 29.942 29.5704
29.8126 29.4397 29.7547 29.1729 29.3729 29.673 29.7346 29.3125 29.1165 29.5766 29.8791 29.5116 29.5735 29.5347 29.2935 29.896 29.1745 29.6226 29.4563 29.8441 29.1701 29.0712 29.0171 29.7746
29.887 29.1931 29.5434 29.7634 29.1178 29.4308 29.1765 29.5516 29.559 29.5183 29.5625 29.896 29.0913 29.2635 29.5561 29.2112 29.1547 29.5825 29.3274 29.5928 29.6412 29.5599 29.3334 29.3385
29.9153 29.4155 29.648 29.2063 29.6048 29.2746 29.5447 29.322 29.5332 29.4111 29.8077 29.9495 29.0037 29.7321 29.2474 29.5829 29.5927 29.3017 29.6101 29.051 29.3499 29.5968 29.9397 29.0705
29.7225 29.3743 29.8448 29.3906 29.8658 29.3817 29.2276 29.6092 29.1131 29.6304 29.7012 29.9008 29.9159 29.8612 29.0555 29.7087 29.3822 29.0399 29.7315 29.7981 29.237 29.6926 29.3122 29.1221
29.0296 29.7869 29.0849 29.1811 29.9721 29.3023 29.0636 29.9144 29.0332 29.1767 29.6241 29.4596 29.26 29.0814 29.5127 29.5576 29.0544 29.4883 29.5449 29.8475 29.7033 29.0692 29.66 29.9599
29.991 29.1712 29.2985 29.9096 29.4485 29.3613 29.1881 29.5609 29.942 29.651 29.3672 29.158 29.5793 29.4398 29.1784 29.2771 29.9606 29.5715 29.5497 29.4706 29.7379 29.8848 29.6844 29.5153
29.5401 29.4578 29.0831 29.064 29.3525 29.0062 29.643 29.0836 29.1693 29.2538 29.2029 29.4039 29.8017 29.773 29.1626 29.3245 29.741 29.3542 29.9601 29.8041 29.6792 29.6028 29.0056 29.2488
29.7527 29.4569 29.0441 29.8176 29.3821 29.6872 29.9766 29.8246 29.722 29.7878 29.3325 29.7032 29.8236 29.9463 29.3122 29.6906 29.1672 29.7757 29.6587 29.9475 29.2556 29.2692 29.7429 29.3038
29.1778 29.9979 29.1715 29.6686 29.5784 29.0643 29.3763 29.7364 29.0924 29.7964 29.7714 29.727 29.0633 29.0157 29.7072 29.3545 29.7113 29.468 29.4676 29.3489 29.3268 29.5859 29.5866 29.5717
29.3468 29.4008 29.7286 29.3092 29.2001 29.9592 29.3991 29.3314 29.3324 29.0022 29.9509 29.9474 29.7115 29.4116 29.912 29.0333 29.6569 29.6304 29.5501 29.2131 29.7643 29.1028 29.2402 29.8707
29.2655 29.9963 29.1828 29.9859 29.7542 29.9952 29.6865 29.397 29.6565 29.7637 29.8651 29.9071 29.2794 29.0601 29.7484 29.1776 29.9606 29.5722 29.8792 29.5944 29.9368 29.658 29.1187 29.0722
29.0692 29.9366 29.3639 29.3461 29.5744 29.208 29.2939 29.4661 29.165 29.1032 29.5208 29.0192 29.1527 29.9124 29.4743 29.7487 29.6863 29.691 29.0467 29.7818 29.4562 29.3695 29.2209 29.3404
29.142 29.9128 29.3106 29.4709 29.9668 29.8469 29.2432 29.3501 29.7561 29.3887 29.2611 29.4257 29.1674 29.6448 29.1122 29.6485 29.8323 29.7021 29.5786 29.8352 29.1482 29.8612 29.5907 29.4167
29.748 29.7236 29.9768 29.5516 29.9268 29.8761 29.538 29.8732 29.9274 29.9686 29.442 29.4264 29.5268 29.145 29.3338 29.3382 29.6103 29.1964 29.3251 29.1431 29.1494 29.9476 29.6193 29.299
